panchanga <home> added to system path ['', '/Library/Frameworks/Python.framework/Versions/3.11/lib/python311.zip', '/Library/Frameworks/Python.framework/Versions/3.11/lib/python3.11', '/Library/Frameworks/Python.framework/Versions/3.11/lib/python3.11/lib-dynload', '/private/tmp/jyotish_pyjhora_blackbox/lib/python3.11/site-packages', '<home>']
/Users added to system path ['', '/Library/Frameworks/Python.framework/Versions/3.11/lib/python311.zip', '/Library/Frameworks/Python.framework/Versions/3.11/lib/python3.11', '/Library/Frameworks/Python.framework/Versions/3.11/lib/python3.11/lib-dynload', '/private/tmp/jyotish_pyjhora_blackbox/lib/python3.11/site-packages', '<home>', '/Users']
PYJHORA_BLACKBOX_VERSION 4.8.7
CASE_ID template_historical_epoch_lahiri
DOB (1800, 1, 1)
TOB (12, 0, 0)
PLACE Place(Place='Delhi historical epoch template', latitude=28.6139, longitude=77.209, timezone=5.5, elevation=None)
AYANAMSA LAHIRI
JD 2378497.0
DASHA_START_RAW [4, 2373766.743017439]
DASHA_START_GREGORIAN (1787, 1, 19, 5.832418531179428)
BHUKTHI_HEAD ((3, 0, 18), [[(4, 4), (1787, 1, 19, 6.980898577719927), 2.1333333333332485], [(4, 6), (1789, 3, 8, 11.917546659708023), 2.5333333333329935], [(4, 3), (1791, 9, 19, 19.27981625497341), 2.2666666666664965], [(4, 8), (1793, 12, 25, 17.025004841387272), 0.9333333333327384], [(4, 5), (1794, 12, 1, 14.68478837236762), 2.6666666666662415], [(4, 0), (1797, 8, 1, 14.855598472058773), 0.79999999999949], [(4, 1), (1798, 5, 20, 19.706841498613358), 1.3333333333337583], [(4, 2), (1799, 9, 19, 19.79224655404687), 0.9333333333327384], [(4, 7), (1800, 8, 26, 17.452030085027218), 2.400000000002295], [(6, 6), (1803, 1, 20, 8.005759198218584), 3.0083333333338858], [(6, 3), (1806, 1, 23, 3.248454350978136), 2.6916666666666242], [(6, 8), (1808, 10, 2, 6.570865798741579), 1.1083333333328658], [(6, 5), (1809, 11, 11, 2.291858743876219), 3.1666666666662415], [(6, 0), (1813, 1, 10, 17.494695737957954), 0.95000000000051], [(6, 1), (1813, 12, 23, 17.25554684177041), 1.5833333333337583], [(6, 2), (1815, 7, 25, 0.8569653443992138), 1.1083333333328658], [(6, 7), (1816, 9, 1, 20.577958289533854), 2.850000000000255], [(6, 4), (1819, 7, 9, 19.86051158979535), 2.5333333333329935], [(3, 3), (1822, 1, 20, 3.2227811850607395), 2.4083333333336308], [(3, 8), (1824, 6, 17, 18.827044062316418), 0.9916666666661142], [(3, 5), (1825, 6, 14, 23.84056406468153), 2.8333333333337585], [(3, 0), (1828, 4, 14, 21.02204980328679), 0.850000000000255], [(3, 1), (1829, 2, 19, 8.176495525985956), 1.4166666666662417], [(3, 2), (1830, 7, 21, 18.76723838970065), 0.9916666666661142], [(3, 7), (1831, 7, 18, 23.780758392065763), 2.54999999999949], [(3, 4), (1834, 2, 4, 9.244095548987389), 2.2666666666664965], [(3, 6), (1836, 5, 12, 6.989284135401249), 2.691666666667899], [(8, 8), (1839, 1, 20, 10.311695594340563), 0.4083333333336308], [(8, 5), (1839, 6, 18, 13.787850894033909), 1.1666666666662417], [(8, 0), (1840, 8, 17, 16.862580310553312), 0.350000000000255], [(8, 1), (1840, 12, 23, 12.984999138861895), 0.5833333333337583], [(8, 2), (1841, 7, 24, 14.522363852709532), 0.4083333333336308], [(8, 7), (1841, 12, 20, 17.998519152402878), 1.04999999999949], [(8, 4), (1843, 1, 8, 6.365775626152754), 0.9333333333327384], [(8, 6), (1843, 12, 15, 4.025559157133102), 1.1083333333328658], [(8, 3), (1845, 1, 22, 23.746552102267742), 0.9916666666673891], [(5, 5), (1846, 1, 20, 4.760072115808725), 3.3333333333337585], [(5, 0), (1849, 5, 21, 16.97358474880457), 1.0], [(5, 1), (1850, 5, 21, 23.037638537585735), 1.6666666666662417], [(5, 2), (1852, 1, 20, 17.144394848495722), 1.1666666666662417], [(5, 7), (1853, 3, 21, 20.219124265015125), 3.0], [(5, 4), (1856, 3, 21, 14.411285631358624), 2.6666666666662415], [(5, 6), (1858, 11, 20, 14.582095731049776), 3.1666666666662415], [(5, 3), (1862, 1, 20, 5.784932725131512), 2.8333333333337585], [(5, 8), (1864, 11, 20, 2.9664184637367725), 1.1666666666675165], [(0, 0), (1866, 1, 20, 6.041147891432047), 0.29999999999949006], [(0, 1), (1866, 5, 9, 19.86036402359605), 0.5], [(0, 2), (1866, 11, 8, 10.892390917986631), 0.350000000000255], [(0, 7), (1867, 3, 16, 7.014809746295214), 0.899999999999745], [(0, 4), (1868, 2, 8, 0.472458153963089), 0.79999999999949], [(0, 6), (1868, 11, 26, 5.3237011805176735), 0.95000000000051], [(0, 3), (1869, 11, 8, 5.08455228433013), 0.850000000000255], [(0, 8), (1870, 9, 14, 16.238998007029295), 0.350000000000255], [(0, 5), (1871, 1, 20, 12.361416835337877), 1.0], [(1, 1), (1872, 1, 20, 18.425470624119043), 0.8333333333337583], [(1, 2), (1872, 11, 20, 3.478848785161972), 0.5833333333337583], [(1, 7), (1873, 6, 21, 5.016213499009609), 1.5], [(1, 4), (1874, 12, 21, 2.1122941821813583), 1.3333333333337583], [(1, 6), (1876, 4, 21, 2.19769923761487), 1.5833333333337583], [(1, 3), (1877, 11, 20, 9.799117740243673), 1.4166666666662417], [(1, 8), (1879, 4, 21, 20.38986060395837), 0.5833333333337583], [(1, 5), (1879, 11, 20, 21.927225317806005), 1.6666666666662417], [(1, 0), (1881, 7, 21, 16.033981628715992), 0.4999999999987251], [(2, 2), (1882, 1, 20, 7.066008511930704), 0.4083333333336308], [(2, 7), (1882, 6, 18, 10.54216381162405), 1.04999999999949], [(2, 4), (1883, 7, 6, 22.909420285373926), 0.9333333333327384], [(2, 6), (1884, 6, 11, 20.569203816354275), 1.1083333333328658], [(2, 3), (1885, 7, 21, 16.290196761488914), 0.9916666666661142], [(2, 8), (1886, 7, 18, 21.303716763854027), 0.4083333333336308], [(2, 5), (1886, 12, 15, 0.7798720635473728), 1.1666666666662417], [(2, 0), (1888, 2, 14, 3.8546014800667763), 0.350000000000255], [(2, 1), (1888, 6, 20, 23.97702030837536), 0.5833333333350332], [(7, 7), (1889, 1, 20, 1.5143850333988667), 2.70000000000051], [(7, 4), (1891, 10, 3, 5.887330267578363), 2.399999999999745], [(7, 6), (1894, 2, 25, 20.441059358417988), 2.850000000000255], [(7, 3), (1897, 1, 1, 19.723612658679485), 2.54999999999949], [(7, 8), (1899, 7, 22, 5.1869498156011105), 1.04999999999949], [(7, 5), (1900, 8, 9, 17.554206289350986), 3.0], [(7, 0), (1903, 8, 10, 11.746367655694485), 0.899999999999745], [(7, 1), (1904, 7, 4, 5.20401606336236), 1.5], [(7, 2), (1906, 1, 3, 2.300096746534109), 1.050000000000765]])
